0
0.0221
0.1279
0.8779
1.6765
2.5235
3.4191
4.3632
5.3603
6.4103
7.5088
8.6603
9.8691
11.1353
12.4544
13.8309
15.2647
16.7603
18.3132
19.9279
21.6044
23.3426
25.1471
27.0176
28.9500
30.9485
33.0176
35.1529
37.3588
39.6353
41.9824
44.4000
46.8926
49.4559
52.0985
54.8118
57.6088
60.4765
63.4279
66.4544
69.5647
72.7588
75.3706
78.0132
81.2426
84.4015
87.4853
90.4985
93.4368
96.3044
99.0971
101.8147
104.4574
107.0250
109.5176
111.9353
114.2779
116.5456
118.7338
120.8426
122.8765
124.8353
126.7103
128.5103
130.2309
131.8676
133.4294
134.9118
136.3103
137.6294
138.8647
140.0206
141.0926
142.0853
142.9941
143.8147
144.5559
145.2132
145.7868
146.2721
146.6779
146.9912
147.2250
147.3662
147.4235
147.3971
147.2779
147.0750
146.7794
146.4000
145.9279
145.3676
144.7191
143.9779
143.1485
142.2265
141.2118
140.1088
138.9132
137.6206
136.2397
134.7662
133.1956
131.5324
129.7765
127.9235
125.9779
123.9353
121.7956
119.5632
117.2294
114.8029
112.2794
109.6544
106.9324
104.1132
101.1926
98.1750
95.0559
91.8397
88.5176
86.1441
82.7868
80.8588
77.7662
74.7221
71.7265
68.7794
65.8809
63.0309
60.2338
57.4897
54.7941
52.1559
49.5662
47.0382
44.5588
42.1368
39.7721
37.4647
35.2191
33.0265
30.8956
28.8221
26.8103
24.8647
22.9765
21.1500
19.3897
17.6912
16.0588
14.4926
12.9926
11.5588
10.1956
8.8941
7.6676
6.5074
5.4221
4.4029
3.4588
2.5853
1.7824
1.0588
0.4059
0.1765
0