0
0.5348
1.6576
2.7731
3.8815
4.9829
6.0762
7.1653
8.2468
9.3215
10.3901
11.4524
12.5086
13.5592
14.6043
15.6431
16.6771
17.7055
18.7289
19.7468
20.7604
21.7690
22.7733
23.7726
24.7683
25.7596
26.7466
27.7299
28.7095
29.6854
30.6575
31.6266
32.5926
33.5555
34.5160
35.4733
36.4276
37.3800
38.3299
39.2774
40.2230
41.1668
42.1087
43.0494
43.9882
44.9258
45.8621
46.7973
47.7318
48.6650
49.5983
50.5309
51.4630
52.3950
53.3270
54.2584
55.1911
56.1237
57.0564
57.9903
58.9248
59.8599
60.7969
61.7344
62.6726
63.6115
64.5565
65.5015
66.4465
67.3915
68.3426
69.2938
70.2512
71.2085
72.1721
73.1356
74.0991
75.0688
76.0385
77.0206
77.9965
78.9785
79.9668
80.9612
81.9556
82.9562
83.9629
84.9697
85.9826
87.0018
87.0635
87.0512
87.0326
87.0079
86.9771
86.9276
86.8721
86.8103
86.7485
86.6868
86.6250
86.5632
86.4829
86.3779
86.2544
86.1741
86.0506
85.9271
85.8035
85.6182
85.5565
85.3341
85.1426
84.9821
84.8462
84.6979
84.5435
84.3768
84.2038
84.0185
83.8271
83.6232
83.4132
83.1909
82.9624
82.7276
82.4806
82.2274
81.9618
81.6900
81.4121
81.1279
80.8315
80.5288
80.2138
79.8926
79.5653
79.2318
78.8921
78.5400
78.1818
77.8174
77.4468
77.0700
76.6809
76.2856
75.8903
75.4826
75.0688
74.6488
74.2226
73.7903
73.3456
72.9009
72.4500
71.9929
71.5297
71.0603
70.5847
70.1029
69.6150
69.1209
68.6206
68.1141
67.6076
67.0950
66.5700
66.0450
65.5200
64.9826
64.4453
63.9018
63.3521
62.7962
62.2403
61.6782
61.1100
60.5356
59.9612
59.3806
58.8000
58.2132
57.6203
57.0274
56.4282
55.5574
54.7297
54.0503
53.4326
52.8397
51.9441
51.3326
50.6779
49.6032
49.1771
48.3926
47.6082
46.8362
46.0641
45.3044
44.5447
43.7974
43.0562
42.3150
41.5862
40.8574
40.1409
39.4306
38.7203
38.0224
37.3244
36.6388
35.9532
35.2800
34.6068
33.9397
33.2850
32.6303
31.9818
31.3394
30.7032
30.0732
29.4494
28.8318
28.2203
27.6150
27.0097
26.4168
25.8238
25.2432
24.6626
24.0882
23.5200
22.9579
22.4021
21.8524
21.3026
20.7653
20.2279
19.6968
19.1718
18.6529
18.1403
17.6276
17.1274
16.6271
16.1329
15.6450
15.1632
14.6815
14.2121
13.7426
13.2794
12.8224
12.3715
11.9206
11.4821
11.0435
10.6112
10.1788
9.7588
9.3388
8.9250
8.5174
8.1097
7.7144
7.3191
6.9300
6.5409
6.1579
5.7874
5.4106
5.0462
4.6818
4.3235
3.9715
3.6256
3.2797
2.9400
2.6003
2.2729
1.9456
1.6182
1.3032
0.9882
0.6794
0.3706
0.0679
0.0494
0.0247
0