3774.7
3773.4
3769.4
3761.1
3748.7
3735.8
3721
3704.1
3691.5
3681.4
3661.5
3638
3605.9
3583.6
3565.5
3546.6
3525
3521.8
3501.6
3489.3
3476
3455.5
3439.5
3429.6
3419.8
3410.2
3401.7
3391.2
3380
3369.1
3358.5
3348.3
3338.4
3328.8
3319.7
3310.8
3287.4
3254.6
3240.6
3230.3
3223.9
3222.6
3213.4
3202
3191.7
3182.2
3172.4
3162.4
3152
3142.9
3133.9
3124.6
3115.1
3106
3099.5
3092
3083.8
3075.2
3066
3055.2
3045.7
3036.9
3027.5
3017.7
3007.4
2996.9
2987
2976.2
2964.8
2951.9
2939
2927.3
2915.6
2903.8
2893.4
2883
2872.5
2861.9
2850.4
2839.4
2829.3
2819.2
2809.2
2799.7
2790.2
2780.3
2770.4
2760.4
2751.8
2743.9
2734.1
2724
2713.5
2701.7
2691.6
2682.2
2672.5
2662.7
2656.9
2655.6
2648.6
2640.2
2630.4
2613.6
2601.7
2595.3
2588.9
2582.6
2577.2
2574.2
2569.8
2565.1
2559.9
2553.7
2549.4
2545.6
2541.5
2537.3
2532.7
2526
2520.2
2516.4
2507.9