1.465
1.472532468
1.481314935
1.488847403
1.49762987
1.507662338
1.517694805
1.525227273
1.53275974
1.541542208
1.550324675
1.556607143
1.56163961
1.570422078
1.580454545
1.587987013
1.594269481
1.600551948
1.604334416
1.604366883
1.604399351
1.603181818
1.601964286
1.599496753
1.597029221
1.592061688
1.587094156
1.580876623
1.574659091
1.564691558
1.553474026
1.542256494
1.532288961
1.517321429
1.499853896
1.484886364
1.471168831
1.454951299
1.441233766
1.433766234
1.427548701
1.420081169
1.412613636
1.407646104
1.402678571
1.396461039
1.391493506
1.387775974
1.384058442
1.380340909
1.376623377
1.374155844
1.372938312
1.371720779
1.371753247
1.373035714
1.373068182
1.376850649
1.383133117
1.389415584
1.395698052
1.404480519
1.413262987
1.419545455
1.424577922
1.43211039
1.439642857
1.445925325
1.452207792
1.46099026
1.471022727
1.481055195
1.488587662
1.49862013
1.508652597
1.516185065
1.521217532
1.52625
1.528782468
1.528814935
1.527597403
1.52637987
1.525162338
1.523944805
1.522727273
1.51900974
1.512792208
1.506574675
1.500357143
1.49038961
1.476672078
1.462954545
1.449237013
1.431769481
1.411801948
1.395584416
1.381866883
1.365649351
1.349431818
1.336964286
1.326996753
1.315779221
1.303311688
1.293344156
1.285876623
1.277159091
1.268441558
1.263474026
1.259756494
1.257288961
1.256071429
1.256103896
1.256136364
1.257418831
1.257451299
1.257483766
1.257516234
1.261298701
1.271331169
1.283863636
1.296396104
1.311428571
1.327711039
1.337743506
1.346525974
1.357808442
1.374090909
1.387873377
1.400405844
1.412938312
1.425470779
1.431753247
1.435535714
1.439318182
1.444350649
1.446883117
1.448165584
1.449448052
1.449480519
1.447012987
1.444545455
1.442077922
1.43836039
1.435892857
1.433425325
1.429707792
1.42349026
1.418522727
1.413555195
1.407337662
1.40237013
1.399902597
1.397435065
1.392467532
1.385
1.376282468
1.367564935
1.357597403
1.34637987
1.337662338
1.330194805
1.321477273
1.31150974
1.304042208
1.297824675
1.291607143
1.28663961
1.284172078
1.284204545
1.282987013
1.281769481
1.280551948
1.279334416
1.276866883
1.276899351
1.276931818
1.276964286
1.278246753
1.279529221
1.280811688
1.282094156
1.284626623
1.287159091
1.292191558
1.294724026
1.299756494
1.306038961
1.312321429
1.316103896
1.321136364
1.327418831
1.331201299
1.334983766
1.338766234
1.343798701
1.345081169
1.346363636
1.346396104
1.346428571
1.345211039
1.343993506
1.342775974
1.339058442
1.332840909
1.326623377
1.319155844
1.306688312
1.292970779
1.281753247
1.268035714
1.251818182
1.238100649
1.226883117
1.215665584
1.203198052
1.193230519
1.185762987
1.178295455
1.168327922
1.16086039
1.154642857
1.147175325
1.138457792
1.13099026
1.124772727
1.118555195
1.111087662
1.10612013
1.102402597
1.098685065
1.093717532
1.09125
1.088782468
1.086314935
1.083847403
1.08137987
1.078912338
1.077694805
1.077727273
1.07900974
1.081542208
1.084074675
1.087857143
1.09163961
1.094172078
1.097954545
1.106737013
1.116769481
1.125551948
1.135584416
1.148116883
1.159399351
1.166931818
1.174464286
1.184496753
1.193279221
1.199561688
1.205844156
1.214626623
1.222159091
1.227191558
1.230974026
1.236006494
1.239788961
1.241071429
1.242353896
1.243636364
1.244918831
1.244951299
1.244983766
1.242516234
1.240048701
1.235081169
1.230113636
1.223896104
1.218928571
1.212711039
1.207743506
1.199025974
1.189058442
1.179090909
1.171623377
1.160405844
1.151688312
1.144220779
1.138003247
1.128035714
1.120568182
1.114350649
1.109383117
1.101915584
1.094448052
1.086980519
1.079512987
1.070795455
1.063327922
1.05836039
1.054642857
1.049675325
1.045957792
1.04349026
1.041022727
1.039805195
1.041087662
1.04237013
1.043652597
1.048685065
1.054967532
1.06
1.066282468
1.076314935
1.086347403
1.09512987
1.102662338
1.113944805
1.125227273
1.13400974
1.141542208
1.152824675
1.161607143
1.16788961
1.172922078
1.179204545
1.184237013
1.186769481
1.186801948
1.188084416
1.188116883
1.186899351
1.185681818
1.184464286
1.179496753
1.173279221
1.165811688
1.155844156
1.143376623
1.132159091
1.122191558
1.110974026
1.098506494
1.088538961
1.079821429
1.069853896
1.061136364
1.054918831
1.049951299
1.041233766
1.031266234
1.022548701
1.015081169
1.005113636
0.997646104
0.991428571
0.985211039
0.977743506
0.970275974
0.964058442
0.959090909
0.951623377
0.944155844
0.939188312
0.934220779
0.930503247
0.929285714
0.929318182
0.929350649
0.930633117
0.933165584
0.935698052
0.938230519
0.943262987
0.952045455
0.958327922
0.96461039
0.975892857
0.990925325
1.003457792
1.01599026
1.031022727
1.043555195
1.051087662
1.05737013
1.063652597
1.069935065
1.073717532
1.07625
1.077532468
1.078814935
1.077597403
1.07637987
1.072662338
1.067694805
1.061477273
1.05400974
1.046542208
1.040324675
1.035357143
1.03163961
1.029172078
1.025454545
1.022987013
1.020519481
1.018051948
1.016834416
1.016866883
1.016899351
1.016931818
1.016964286
1.016996753
1.017029221
1.017061688
1.018344156
1.019626623
1.018409091
1.018441558
1.019724026
1.019756494
1.021038961
1.023571429
1.024853896
1.026136364
1.026168831
1.026201299
1.026233766
1.026266234
1.025048701
1.025081169
1.025113636
1.026396104
1.027678571
1.028961039
1.031493506
1.034025974
1.035308442
1.036590909
1.039123377
1.040405844
1.041688312
1.042970779
1.045503247
1.046785714
1.048068182
1.049350649
1.051883117
1.053165584
1.054448052
1.055730519
1.055762987
1.054545455
1.053327922
1.05086039
1.047142857
1.043425325
1.039707792
1.03349026
1.023522727
1.013555195
1.003587662
0.99237013
0.979902597
0.969935065
0.961217532
0.95125
0.937532468
0.925064935
0.915097403
0.90387987
0.891412338
0.882694805
0.876477273
0.86900974
0.860292208
0.854074675
0.849107143
0.84288961
0.836672078
0.832954545
0.829237013
0.825519481
0.823051948
0.821834416
0.821866883
0.823149351
0.825681818
0.830714286
0.834496753
0.839529221
0.847061688
0.857094156
0.864626623
0.874659091
0.888441558
0.900974026
0.909756494
0.918538961
0.931071429
0.938603896
0.944886364
0.951168831
0.961201299
0.967483766
0.972516234
0.977548701
0.986331169
0.993863636
1.001396104
1.007678571
1.013961039
1.016493506
1.016525974
1.015308442
1.016590909
1.016623377
1.016655844
1.016688312
1.014220779
1.010503247
1.006785714
1.001818182
0.994350649
0.988133117
0.981915584
0.975698052
0.969480519
0.964512987
0.960795455
0.957077922
0.95211039
0.948392857
0.945925325
0.942207792
0.93724026
0.931022727
0.924805195
0.917337662
0.90737013
0.896152597
0.887435065
0.878717532
0.87
0.863782468
0.860064935
0.856347403
0.85137987
0.847662338
0.845194805
0.842727273
0.84025974
0.839042208
0.837824675
0.836607143
0.83538961
0.835422078
0.835454545
0.835487013
0.836769481
0.838051948
0.838084416
0.838116883
0.838149351
0.838181818
0.838214286
0.838246753
0.839529221
0.840811688
0.842094156
0.842126623
0.843409091
0.843441558
0.844724026
0.844756494
0.846038961
0.844821429
0.843603896
0.841136364
0.838668831
0.836201299
0.834983766
0.833766234
0.832548701
0.831331169
0.830113636
0.827646104
0.825178571
0.822711039
0.820243506
0.817775974
0.816558442
0.815340909
0.814123377
0.814155844
0.814188312
0.814220779
0.814253247
0.814285714
0.814318182
0.815600649
0.816883117
0.818165584
0.820698052
0.821980519
0.822012987
0.822045455
0.822077922
0.82086039
0.819642857
0.818425325
0.817207792
0.81599026
0.814772727
0.813555195
0.812337662
0.81112013
0.809902597
0.808685065
0.806217532
0.80375
0.801282468
0.798814935
0.796347403
0.79387987
0.791412338
0.788944805
0.783977273
0.77650974
0.769042208
0.762824675
0.754107143
0.74538961
0.739172078
0.734204545
0.727987013
0.725519481
0.725551948
0.725584416
0.725616883
0.725649351
0.725681818
0.725714286
0.725746753
0.727029221
0.729561688
0.730844156
0.733376623
0.738409091
0.742191558
0.744724026
0.748506494
0.752288961
0.754821429
0.757353896
0.761136364
0.764918831
0.766201299
0.767483766
0.768766234
0.770048701
0.770081169
0.771363636
0.772646104
0.773928571
0.773961039
0.773993506
0.774025974
0.772808442
0.771590909
0.770373377
0.769155844
0.767938312
0.766720779
0.765503247
0.764285714
0.763068182
0.761850649
0.760633117
0.758165584
0.753198052
0.746980519
0.740762987
0.733295455
0.724577922
0.71711039
0.710892857
0.703425325
0.695957792
0.68974026
0.684772727
0.678555195
0.671087662
0.66487013
0.659902597
0.654935065
0.651217532
0.64875
0.646282468
0.645064935
0.643847403
0.64387987
0.645162338
0.646444805
0.646477273
0.64650974
0.645292208
0.645324675
0.646607143
0.64788961
0.649172078
0.651704545
0.654237013
0.655519481
0.656801948
0.659334416
0.660616883
0.661899351
0.663181818
0.665714286
0.666996753
0.669529221
0.669561688
0.670844156
0.670876623
0.670909091
0.669691558
0.670974026
0.671006494
0.672288961
0.672321429
0.672353896
0.671136364
0.669918831
0.667451299
0.667483766
0.670016234
0.672548701
0.675081169
0.677613636
0.678896104
0.678928571
0.678961039
0.678993506
0.679025974
0.677808442
0.675340909
0.672873377
0.670405844
0.667938312
0.666720779
0.664253247
0.658035714
0.650568182
0.643100649
0.634383117
0.625665584
0.620698052
0.616980519
0.612012987
0.608295455
0.605827922
0.60211039
0.599642857
0.597175325
0.594707792
0.59224026
0.592272727
0.591055195
0.592337662
0.59237013
0.593652597
0.593685065
0.593717532
0.5925
0.592532468
0.592564935
0.592597403
0.59262987
0.592662338
0.592694805
0.592727273
0.59275974
0.592792208
0.592824675
0.591607143
0.58913961
0.586672078
0.584204545
0.580487013
0.579269481
0.576801948
0.573084416
0.569366883
0.565649351
0.560681818
0.558214286
0.556996753
0.557029221
0.558311688
0.559594156
0.560876623
0.562159091
0.562191558
0.565974026
0.571006494
0.574788961
0.578571429
0.584853896
0.587386364
0.588668831
0.589951299
0.592483766
0.593766234
0.595048701
0.596331169
0.597613636
0.598896104
0.598928571
0.597711039
0.592743506
0.586525974
0.577808442
0.569090909
0.560373377
0.554155844
0.547938312
0.542970779
0.535503247
0.528035714
0.521818182
0.516850649
0.509383117
0.503165584
0.498198052
0.493230519
0.487012987
0.483295455
0.479577922
0.47586039
0.472142857
0.469675325
0.467207792
0.46599026
0.463522727
0.459805195
0.456087662
0.45237013
0.446152597
0.439935065
0.433717532
0.4275
0.421282468
0.416314935
0.412597403
0.41012987
0.407662338
0.405194805
0.403977273
0.40275974
0.405292208
0.410324675
0.416607143
0.42288961
0.431672078
0.440454545
0.446737013
0.451769481
0.460551948
0.469334416
0.475616883
0.483149351
0.494431818
0.505714286
0.515746753
0.524529221
0.535811688
0.545844156
0.552126623
0.557159091
0.562191558
0.563474026
0.562256494
0.561038961
0.559821429
0.558603896
0.557386364
0.554918831
0.549951299
0.542483766
0.533766234
0.525048701
0.513831169
0.502613636
0.493896104
0.486428571
0.476461039
0.466493506
0.457775974
0.450308442
0.441590909
0.434123377
0.430405844
0.427938312
0.422970779
0.418003247
0.414285714
0.410568182
0.405600649
0.400633117
0.396915584
0.393198052
0.388230519
0.384512987
0.382045455
0.379577922
0.37461039
0.369642857
0.364675325
0.359707792
0.35599026
0.357272727
0.359805195
0.362337662
0.36612013
0.371152597
0.374935065
0.377467532
0.38375
0.391282468
0.397564935
0.401347403
0.40887987
0.415162338
0.418944805
0.421477273
0.42900974
0.436542208
0.442824675
0.449107143
0.45538961
0.459172078
0.460454545
0.460487013
0.458019481
0.454301948
0.448084416
0.441866883
0.434399351
0.426931818
0.420714286
0.415746753
0.408279221
0.398311688
0.389594156
0.380876623
0.370909091
0.360941558
0.354724026
0.349756494
0.341038961
0.328571429
0.317353896
0.306136364
0.292418831
0.279951299
0.272483766
0.265016234
0.257548701
0.250081169
0.245113636
0.240146104
0.235178571
0.230211039
0.226493506
0.222775974
0.219058442
0.217840909
0.216623377
0.216655844
0.217938312
0.220470779
0.221753247
0.223035714
0.225568182
0.229350649
0.233133117
0.236915584
0.244448052
0.254480519
0.263262987
0.270795455
0.280827922
0.29211039
0.300892857
0.308425325
0.318457792
0.33099026
0.339772727
0.348555195
0.358587662
0.36862013
0.374902597
0.379935065
0.384967532
0.39
0.392532468
0.393814935
0.395097403
0.39637987
0.396412338
0.396444805
0.396477273
0.39525974
0.392792208
0.390324675
0.387857143
0.38288961
0.379172078
0.375454545
0.369237013
0.360519481
0.353051948
0.345584416
0.334366883
0.318149351
0.301931818
0.286964286
0.269496753
0.252029221
0.239561688
0.229594156
0.215876623
0.197159091
0.179691558
0.164724026
0.148506494
0.132288961
0.122321429
0.114853896
0.107386364
0.101168831
0.098701299
0.097483766
0.097516234
0.098798701
0.100081169
0.101363636
0.103896104
0.107678571
0.111461039
0.115243506
0.122775974
0.135308442
0.149090909
0.161623377
0.175405844
0.189188312
0.199220779
0.205503247
0.213035714
0.224318182
0.233100649
0.239383117
0.246915584
0.256948052
0.263230519
0.268262987
0.274545455
0.282077922
0.28711039
0.290892857
0.294675325
0.297207792
0.29724026
0.296022727
0.293555195
0.292337662
0.29112013
0.289902597
0.288685065
0.288717532
0.2875
0.285032468
0.282564935
0.278847403
0.27387987
0.268912338
0.265194805
0.260227273
0.25650974
0.254042208
0.251574675
0.249107143
0.24788961
0.246672078
0.245454545
0.242987013
0.240519481
0.238051948
0.235584416
0.231866883
0.228149351
0.224431818
0.220714286
0.216996753
0.213279221
0.210811688
0.208344156
0.205876623
0.203409091
0.202191558
0.202224026
0.201006494
0.199788961
0.198571429
0.197353896
0.194886364
0.193668831
0.192451299
0.191233766
0.191266234
0.191298701
0.191331169
0.191363636
0.191396104
0.190178571
0.188961039
0.187743506
0.185275974
0.182808442
0.180340909
0.176623377
0.169155844
0.159188312
0.149220779
0.139253247
0.128035714
0.120568182
0.115600649
0.110633117
0.105665584
0.103198052
0.099480519
0.097012987
0.093295455
0.088327922
0.08336039
0.079642857
0.074675325
0.069707792
0.06599026
0.062272727
0.058555195
0.054837662
0.05237013
0.049902597
0.047435065
0.043717532
0.04125
0.040032468
0.037564935
0.035097403
0.03387987
0.032662338
0.032694805
0.035227273
0.03775974
0.041542208
0.046574675
0.051607143
0.05538961
0.059172078
0.062954545
0.065487013
0.066769481
0.068051948
0.070584416
0.071866883
0.073149351
0.073181818
0.074464286
0.075746753
0.077029221
0.078311688
0.080844156
0.083376623
0.084659091
0.085941558
0.087224026
0.087256494
0.086038961
0.084821429
0.083603896
0.082386364
0.081168831
0.079951299
0.078733766
0.076266234
0.073798701
0.071331169
0.067613636
0.061396104
0.056428571
0.051461039
0.045243506
0.039025974
0.035308442
0.031590909
0.026623377
0.022905844
0.020438312
0.017970779
0.014253247
0.011785714
0.009318182
0.006850649
0.004383117
0.003165584
0.001948052
0.000730519
-0.000487013
-0.000454545
-0.000422078
-0.00038961
-0.000357143
-0.000324675
-0.001542208
-0.00275974
-0.003977273
-0.005194805
-0.006412338
-0.00762987
-0.008847403
-0.010064935
-0.011282468
