0.005727
0.026254
0.026254
0.043509
0.080102
0.099439
0.121231
0.163105
0.183186
0.214646
0.276973
0.307838
0.346960
0.386081
0.429888
0.473694
0.523972
0.556102
0.588232
0.653831
0.681945
0.710058
0.756468
0.770153
0.783838
0.822662
0.822662
0.837983
0.859403
0.865502
0.872865
0.885732
0.891236
0.891087
0.888112
0.885286
0.880526
0.865279
0.854792
0.854792
0.830843
0.812324
0.793804
0.748138
0.732296
0.716454
0.663202
0.631295
0.599388
0.525757
0.490205
0.454654
0.428995
0.403336
0.362801
0.287534
0.252801
0.226249
0.173145
0.146593
0.130156
0.096390
0.079061
0.064409
0.049757
0.037857
0.025957
0.009148
0.006842
0.004537
0.002454
0.002157
0.001859
0.001711
0.000024
-0.002538
-0.004200
-0.006388
-0.007788
-0.011637
-0.013037
-0.014962
-0.021963
-0.023888
-0.025900
-0.033337
-0.036050
-0.040425
-0.045062
-0.051362
-0.054688
-0.063787
-0.066937
-0.069650
-0.079888
-0.083388
-0.089600
-0.097038
-0.106137
-0.110513
-0.123813
-0.128538
-0.131950
-0.139563
-0.151812
-0.156538
-0.165637
-0.172462
-0.178937
-0.182963
-0.194862
-0.198362
-0.201862
-0.210613
-0.214025
-0.220412
-0.226362
-0.232662
-0.235987
-0.242900
-0.245613
-0.248325
-0.258650
-0.261012
-0.262500
-0.268887
-0.271075
-0.274400
-0.277725
-0.282100
-0.284288
-0.288750
-0.290237
-0.291375
-0.295487
-0.296975
-0.299775
-0.302137
-0.303625
-0.304062
-0.306775
-0.307737
-0.308350
-0.310625
-0.311063
-0.311588
-0.312813
-0.312813
-0.312813
-0.312813
-0.312288
-0.311763
-0.309662
-0.309137
-0.308350
-0.305463
-0.304062
-0.301437
-0.299250
-0.296188
-0.294087
-0.287525
-0.283500
-0.281487
-0.275100
-0.272213
-0.269500
-0.260487
-0.256900
-0.251125
-0.245525
-0.238175
-0.234238
-0.221900
-0.217963
-0.215075
-0.201862
-0.197138
-0.189788
-0.181825
-0.170538
-0.164587
-0.149188
-0.139475
-0.135013
-0.116987
-0.111387
-0.104737
-0.083213
-0.078837
-0.068075
-0.054862
-0.042000
-0.035962
-0.023187
-0.020388
-0.016275
-0.005338
-0.003500
-0.000350
