0
0.15
0.58635
1.2727
1.7591
2.00455
3.0409
3.3091
3.8682
4.7318
5.33635
5.95455
6.91815
7.58635
7.92725
9.336349
9.70455
10.450001
11.6
12.3909
13.20455
14.4591
15.3182
15.7591
17.559099
18.4909
18.96365
21.81815
23.040901
25.45455
30.0182
34.727303
37.468201
47.959099
50.454552
55.30455
62.168152
66.468201
70.531853
76.186356
79.6409
81.277252
87.145447
88.440903
90.822701
93.8591
95.509094
96.563599
97.568199
98.027252
98.1409
97.813652
97.531799
96.731796
94.909103
93.277298
91.313644
87.718147
84.881851
83.331848
76.240906
74.699997
72.936401
71.395447
70.986343
70.590897
70.081802
69.686356
69.468155
68.48185
68.204544
67.609055
66.268204
65.904549
65.127304
63.863651
62.954552
61.990952
60.436348
59.327301
58.754551
56.30455
55.654549
54.309052
52.177299
50.672699
49.113651
46.650002
44.922699
44.03635
40.395451
39.427299
37.436401
34.31815
32.150002
29.913651
26.422749
24.004551
23.1318
20.686399
20.1591
19.790901
19.254551
18.93635
18.6182
18.154551
17.849998
17.700001
17.1091
16.96365
16.67275
16.3909
16.25
15.9773
15.5682
15.299999
15.03635
14.65
14.4
14.27275
13.78185
13.6591
13.4227
13.0682
12.8409
12.6136
12.28185
12.06365
11.95455
11.5318
11.42725
11.2227
10.91815
10.7227
10.522699
10.23635
10.05
9.95455
9.68185
9.5
9.32725
8.98185
8.71815
8.6318
8.3
8.2136
7.96365
7.7227
7.56365
7.36365
7.0864
6.93635
6.8182
6.30455
6.16365
5.99545
5.6682
5.46365
5.26365
4.9227
4.7
4.5864
4.1409
4.02725
3.80905
3.47275
3.25455
3.03635
2.70905
2.49095
2.38185
1.95
1.84545
1.62725
1.30905
1.1
0.89095
0.5773
0.3682
0.2682
0.0182
0